Frame, X, Y
1, 559, 339
1, 586, 336
2, 579, 338
3, 559, 341
4, 586, 353
4, 589, 339
4, 559, 340
5, 564, 339
5, 588, 338
6, 562, 340
6, 585, 339
7, 563, 339
7, 588, 343
8, 586, 339
10, 552, 344
11, 589, 338
11, 568, 337
15, 591, 339
16, 568, 338
16, 586, 338
16, 555, 338
17, 561, 338
18, 563, 338
19, 587, 340
19, 560, 339
20, 557, 340
20, 588, 338
21, 555, 344
22, 562, 339
22, 584, 337
23, 588, 337
23, 565, 338
24, 564, 341
25, 576, 339
26, 568, 336
27, 585, 336
27, 128, 311
28, 581, 338
28, 120, 296
29, 115, 290
30, 583, 342
30, 112, 286
31, 586, 343
31, 621, 328
31, 108, 285
32, 585, 344
32, 105, 284
33, 586, 349
33, 105, 285
34, 591, 343
34, 106, 285
35, 591, 343
35, 106, 285
36, 590, 347
36, 109, 285
37, 593, 347
37, 120, 288
38, 121, 289
38, 119, 247
39, 124, 291
39, 120, 249
40, 124, 293
41, 122, 295
42, 591, 352
42, 122, 296
43, 121, 297
44, 122, 298
44, 117, 243
45, 119, 298
46, 119, 298
47, 116, 298
48, 591, 340
48, 116, 298
48, 113, 255
49, 590, 338
49, 113, 300
50, 589, 338
50, 113, 301
50, 111, 258
51, 589, 344
51, 113, 303
52, 585, 345
52, 111, 303
52, 109, 261
53, 113, 304
53, 108, 262
54, 587, 344
54, 110, 304
55, 589, 345
55, 111, 303
55, 108, 262
56, 588, 347
56, 109, 302
56, 107, 259
57, 588, 347
57, 109, 302
57, 107, 259
58, 588, 342
58, 106, 301
59, 587, 344
59, 104, 299
60, 586, 348
60, 98, 297
61, 591, 339
61, 92, 293
62, 587, 351
62, 89, 291
63, 590, 344
63, 86, 290
64, 588, 348
64, 82, 289
65, 83, 288
66, 587, 349
66, 82, 288
67, 587, 349
67, 82, 288
68, 80, 288
69, 587, 348
69, 82, 288
70, 587, 352
70, 84, 288
71, 89, 288
72, 589, 343
72, 93, 289
73, 588, 344
73, 105, 290
74, 589, 343
74, 112, 291
75, 587, 349
75, 123, 291
76, 587, 350
76, 131, 292
77, 588, 346
77, 140, 292
78, 588, 346
78, 140, 292
79, 587, 345
79, 151, 292
80, 161, 292
81, 586, 349
82, 588, 346
83, 589, 344
84, 588, 345
85, 589, 347
86, 589, 349
87, 592, 341
91, 590, 347
92, 588, 349
93, 590, 345
95, 589, 348
97, 240, 282
100, 591, 342
100, 227, 282
101, 588, 347
102, 586, 352
103, 586, 350
104, 588, 345
105, 586, 346
106, 588, 342
107, 587, 343
107, 233, 254
108, 587, 344
109, 587, 341
110, 587, 341
111, 589, 338
112, 588, 341
113, 588, 343
114, 588, 344
114, 238, 304
115, 590, 345
115, 232, 305
116, 586, 351
116, 591, 336
117, 590, 338
117, 224, 307
118, 587, 345
118, 225, 268
120, 588, 343
120, 216, 269
121, 588, 345
121, 207, 308
121, 211, 262
122, 590, 352
122, 206, 265
123, 585, 350
123, 591, 337
123, 202, 263
124, 588, 344
124, 199, 263
125, 586, 349
125, 198, 264
126, 588, 344
126, 196, 309
126, 197, 263
127, 586, 347
128, 587, 345
128, 196, 309
129, 588, 344
129, 196, 310
130, 588, 343
131, 589, 343
132, 588, 343
132, 197, 309
133, 588, 343
134, 586, 354
134, 589, 341
134, 195, 308
135, 587, 345
136, 590, 340
137, 588, 343
138, 587, 348
138, 196, 308
139, 585, 349
139, 590, 336
139, 200, 259
140, 588, 345
140, 199, 308
141, 589, 346
141, 202, 262
142, 586, 347
142, 203, 263
143, 588, 344
143, 206, 263
144, 586, 347
145, 588, 342
146, 588, 344
146, 213, 264
147, 591, 337
147, 212, 308
148, 215, 307
148, 217, 259
149, 591, 339
149, 215, 307
149, 218, 262
150, 215, 307
151, 588, 343
151, 218, 267
152, 590, 340
152, 215, 307
152, 218, 265
153, 585, 352
153, 590, 339
153, 215, 307
153, 218, 262
154, 588, 345
154, 218, 266
155, 591, 342
155, 214, 306
155, 217, 262
156, 588, 343
156, 214, 306
156, 218, 261
157, 218, 262
158, 588, 343
158, 214, 305
158, 218, 265
159, 588, 344
159, 218, 260
160, 588, 346
160, 218, 265
161, 586, 349
161, 218, 261
162, 587, 345
162, 218, 264
163, 585, 351
163, 219, 261
164, 589, 343
164, 215, 303
164, 219, 261
165, 591, 339
165, 219, 258
166, 589, 345
166, 219, 259
167, 588, 345
167, 220, 262
168, 587, 347
168, 220, 259
169, 591, 350
170, 586, 349
171, 222, 250
172, 590, 342
172, 221, 260
173, 588, 346
173, 221, 261
174, 589, 344
174, 221, 259
175, 588, 349
175, 222, 254
176, 592, 347
176, 221, 259
176, 222, 249
177, 588, 345
178, 587, 347
178, 222, 254
179, 588, 345
179, 219, 297
180, 590, 347
180, 617, 327
181, 588, 347
181, 223, 250
182, 591, 339
182, 219, 297
182, 223, 257
183, 587, 347
183, 222, 254
184, 223, 257
185, 588, 344
186, 588, 345
186, 223, 257
187, 588, 345
187, 223, 258
188, 591, 338
188, 216, 297
189, 588, 350
190, 588, 346
190, 224, 249
191, 588, 344
191, 223, 254
192, 589, 342
193, 223, 256
194, 586, 349
195, 586, 349
196, 588, 346
196, 219, 299
196, 223, 260
197, 591, 348
197, 223, 256
198, 589, 345
199, 587, 350
199, 223, 261
200, 588, 345
200, 224, 261
201, 588, 345
201, 617, 328
202, 589, 344
202, 223, 260
203, 588, 344
203, 223, 261
204, 586, 347
204, 222, 260
205, 586, 346
205, 218, 300
206, 586, 346
206, 223, 259
207, 586, 351
207, 224, 261
208, 586, 352
208, 590, 339
209, 589, 343
209, 228, 250
210, 586, 348
210, 225, 263
211, 590, 338
211, 225, 257
212, 588, 342
212, 223, 263
213, 586, 345
214, 588, 344
215, 586, 342
215, 223, 262
216, 586, 345
216, 224, 263
217, 586, 343
217, 225, 262
218, 588, 341
218, 226, 258
219, 588, 344
220, 589, 342
220, 226, 259
222, 588, 343
222, 227, 259
223, 588, 344
223, 227, 259
224, 586, 348
225, 586, 348
225, 228, 260
226, 587, 345
227, 590, 345
227, 229, 259
228, 590, 345
228, 229, 259
229, 586, 347
229, 219, 300
229, 229, 257
230, 588, 341
230, 230, 262
231, 588, 344
232, 590, 336
232, 233, 263
233, 587, 346
233, 234, 258
234, 588, 341
234, 235, 262
235, 589, 340
235, 235, 261
236, 236, 256
237, 588, 345
238, 588, 343
239, 588, 343
240, 588, 343
240, 238, 261
241, 588, 347
242, 588, 344
243, 588, 345
245, 586, 348
245, 591, 337
246, 588, 343
246, 239, 264
246, 241, 252
247, 588, 344
248, 590, 340
249, 588, 345
249, 238, 256
250, 588, 345
250, 238, 256
251, 589, 343
251, 237, 262
252, 590, 341
252, 236, 257
253, 588, 346
254, 586, 348
255, 588, 344
255, 239, 255
256, 586, 347
257, 589, 341
258, 589, 348
259, 586, 349
259, 591, 337
260, 586, 349
260, 591, 337
261, 589, 342
262, 587, 349
263, 589, 343
264, 589, 345
265, 589, 346
265, 617, 327
266, 587, 348
266, 252, 258
268, 587, 348
269, 589, 343
270, 588, 345
270, 233, 253
271, 588, 345
271, 233, 253
272, 587, 347
273, 589, 342
273, 619, 328
274, 586, 346
274, 221, 259
275, 588, 343
276, 587, 343
276, 618, 327
276, 213, 300
276, 217, 258
277, 585, 343
278, 587, 343
279, 585, 344
280, 585, 351
280, 588, 338
280, 211, 259
281, 585, 351
281, 588, 338
281, 211, 259
282, 586, 340
282, 211, 258
283, 585, 342
284, 586, 343
285, 586, 341
286, 584, 342
287, 585, 339
288, 586, 342
289, 588, 344
290, 587, 343
293, 212, 259
296, 213, 253
298, 207, 301
305, 211, 302
306, 212, 302
307, 213, 302
308, 213, 302
308, 216, 253
309, 216, 253
311, 215, 259
317, 217, 256
318, 217, 256
320, 213, 303
320, 217, 259
321, 217, 258
322, 217, 261
323, 218, 259
324, 207, 302
325, 215, 303
326, 218, 261
328, 218, 261
329, 218, 259
332, 218, 261
334, 217, 303
335, 219, 260
339, 220, 258
340, 220, 257
341, 216, 303
341, 220, 256
343, 220, 260
344, 209, 300
344, 220, 257
348, 221, 258
349, 221, 255
350, 221, 256
354, 217, 297
355, 224, 249
358, 223, 257
361, 223, 247
362, 223, 247
364, 220, 297
364, 224, 249
366, 224, 257
367, 224, 255
368, 220, 296
369, 222, 295
369, 225, 253
371, 228, 253
372, 230, 250
373, 233, 251
376, 243, 246
378, 249, 255
379, 246, 295
379, 254, 246
384, 269, 248
398, 262, 298
399, 264, 254
400, 255, 298
400, 260, 257
402, 253, 257
403, 250, 252
412, 228, 300
419, 235, 258
423, 244, 254
425, 246, 260
427, 252, 257
428, 255, 259
429, 258, 262
429, 259, 252
430, 260, 262
431, 263, 258
432, 263, 258
433, 267, 260
434, 268, 263
436, 264, 302
438, 270, 257
440, 271, 257
441, 271, 256
442, 271, 256
444, 264, 299
444, 271, 252
445, 270, 251
446, 263, 298
446, 269, 252
447, 269, 254
449, 269, 254
450, 270, 254
452, 270, 254
453, 270, 254
454, 270, 256
457, 271, 258
458, 272, 251
463, 270, 260
464, 270, 260
465, 270, 260
467, 270, 256
469, 270, 258
470, 270, 255
472, 269, 260
473, 271, 255
474, 271, 255
475, 270, 258
476, 264, 302
476, 270, 259
477, 270, 263
477, 272, 251
480, 270, 260
484, 272, 252
485, 272, 252
489, 270, 263
491, 271, 261
498, 272, 257
499, 272, 259
501, 272, 257
504, 266, 298
505, 273, 257
506, 273, 257
508, 274, 249
509, 273, 255
512, 267, 296
514, 277, 253
515, 280, 254
518, 287, 250
519, 282, 295
521, 291, 249
523, 290, 250
526, 286, 252
527, 284, 254
530, 278, 258
534, 271, 256
535, 260, 299
539, 219, 297
540, 216, 252
541, 211, 296
541, 212, 251
542, 212, 249
543, 212, 254
545, 212, 301
545, 216, 257
